Experimente pentru instanta: xqf131_tsp
Data: 1776187186

Algoritm: Hill Climbing
---------------------------
Best: 890.00
Mean: 890.00
Toate rularile: 890.00 890.00 890.00 890.00 890.00 890.00 890.00 890.00 890.00 890.00 890.00 890.00 890.00 890.00 890.00 890.00 890.00 890.00 890.00 890.00 890.00 890.00 890.00 890.00 890.00 890.00 890.00 890.00 890.00 890.00 

Algoritm: Tabu Search
---------------------------
Best: 816.00
Mean: 816.00
Toate rularile: 816.00 816.00 816.00 816.00 816.00 816.00 816.00 816.00 816.00 816.00 816.00 816.00 816.00 816.00 816.00 816.00 816.00 816.00 816.00 816.00 816.00 816.00 816.00 816.00 816.00 816.00 816.00 816.00 816.00 816.00 

Algoritm: Simulated Annealing
---------------------------
Best: 1852.00
Mean: 2025.30
Toate rularile: 2114.00 2012.00 2101.00 1893.00 1979.00 2154.00 2128.00 1923.00 1968.00 2176.00 1997.00 2222.00 2018.00 2020.00 1995.00 2091.00 1852.00 1933.00 1896.00 2052.00 2119.00 2050.00 2190.00 1964.00 1941.00 1972.00 2100.00 1874.00 1907.00 2118.00 

Algoritm: Iterated Local Search
---------------------------
Best: 788.00
Mean: 838.57
Toate rularile: 820.00 828.00 837.00 799.00 831.00 829.00 839.00 849.00 839.00 841.00 821.00 873.00 863.00 870.00 875.00 822.00 838.00 878.00 831.00 836.00 835.00 844.00 828.00 869.00 845.00 870.00 810.00 804.00 788.00 845.00 

