Experimente pentru instanta: s001_knapsack
Data: 1776187189

Algoritm: Hill Climbing
---------------------------
Best: -13292.00
Mean: -13292.00
Toate rularile: -13292.00 -13292.00 -13292.00 -13292.00 -13292.00 -13292.00 -13292.00 -13292.00 -13292.00 -13292.00 -13292.00 -13292.00 -13292.00 -13292.00 -13292.00 -13292.00 -13292.00 -13292.00 -13292.00 -13292.00 -13292.00 -13292.00 -13292.00 -13292.00 -13292.00 -13292.00 -13292.00 -13292.00 -13292.00 -13292.00 

Algoritm: Tabu Search
---------------------------
Best: -14171.00
Mean: -14171.00
Toate rularile: -14171.00 -14171.00 -14171.00 -14171.00 -14171.00 -14171.00 -14171.00 -14171.00 -14171.00 -14171.00 -14171.00 -14171.00 -14171.00 -14171.00 -14171.00 -14171.00 -14171.00 -14171.00 -14171.00 -14171.00 -14171.00 -14171.00 -14171.00 -14171.00 -14171.00 -14171.00 -14171.00 -14171.00 -14171.00 -14171.00 

Algoritm: Simulated Annealing
---------------------------
Best: -14953.00
Mean: -14550.17
Toate rularile: -14486.00 -14687.00 -14491.00 -14655.00 -14491.00 -14684.00 -14492.00 -14588.00 -14622.00 -14308.00 -14490.00 -14574.00 -14450.00 -14564.00 -14778.00 -14656.00 -14366.00 -14393.00 -14672.00 -14953.00 -14679.00 -14530.00 -14647.00 -14490.00 -14533.00 -14172.00 -14549.00 -14546.00 -14480.00 -14479.00 

Algoritm: Iterated Local Search
---------------------------
Best: -15187.00
Mean: -14893.47
Toate rularile: -14791.00 -14491.00 -15055.00 -14953.00 -14984.00 -14749.00 -14919.00 -14991.00 -14770.00 -14866.00 -14893.00 -14977.00 -14787.00 -14970.00 -14988.00 -14772.00 -14681.00 -15187.00 -14862.00 -14989.00 -14873.00 -14787.00 -15089.00 -14960.00 -14989.00 -14790.00 -14790.00 -14791.00 -14978.00 -15082.00 

